<?xml version="1.0" encoding="UTF-8"?>
<kml xmlns="http://www.opengis.net/kml/2.2">
  <Placemark>
    <name>Simple placemark</name>
    <description>Attached to the ground. Intelligently places itself 
       at the height of the underlying terrain.</description>
    <Point>
      <coordinates>
-121.8281845,36.80034232
-121.8282876,36.80035541
-121.828384,36.8003324
-121.8284469,36.80034954
-121.8284539,36.8003041
-121.8281845,36.80034232
-121.8282876,36.80035541
-121.828384,36.8003324
-121.8284469,36.80034954
-121.8284539,36.8003041
-121.8281845,36.80034232
-121.8282876,36.80035541
-121.828384,36.8003324
-121.8284469,36.80034954
-121.8284539,36.8003041
-121.8281845,36.80034232
-121.8282876,36.80035541
-121.828384,36.8003324
-121.8284469,36.80034954
-121.8284539,36.8003041
-121.8281845,36.80034232
-121.8282876,36.80035541
-121.828384,36.8003324
-121.8284469,36.80034954
-121.8284539,36.8003041
-121.8281845,36.80034232
-121.8282876,36.80035541
-121.828384,36.8003324
-121.8284469,36.80034954
-121.8284539,36.8003041
-121.8285351,36.80027473
-121.8286198,36.80024145
-121.828718,36.80021483
-121.8288137,36.80017499
-121.828916,36.8001457
-121.8290201,36.80012597
-121.8285351,36.80027473
-121.8286198,36.80024145
-121.828718,36.80021483
-121.8288137,36.80017499
-121.828916,36.8001457
-121.8290201,36.80012597
-121.8285351,36.80027473
-121.8286198,36.80024145
-121.828718,36.80021483
-121.8288137,36.80017499
-121.828916,36.8001457
-121.8290201,36.80012597
-121.8285351,36.80027473
-121.8286198,36.80024145
-121.828718,36.80021483
-121.8288137,36.80017499
-121.828916,36.8001457
-121.8290201,36.80012597
-121.8285351,36.80027473
-121.8286198,36.80024145
-121.828718,36.80021483
-121.8288137,36.80017499
-121.828916,36.8001457
-121.8290201,36.80012597
-121.8285351,36.80027473
-121.8286198,36.80024145
-121.828718,36.80021483
-121.8288137,36.80017499
-121.828916,36.8001457
-121.8290201,36.80012597
-121.8291233,36.80011166
-121.8292254,36.80009922
-121.8293274,36.80008458
-121.8294316,36.80007398
-121.829486,36.80006766
-121.829486,36.80006766
-121.8291233,36.80011166
-121.8292254,36.80009922
-121.8293274,36.80008458
-121.8294316,36.80007398
-121.829486,36.80006766
-121.829486,36.80006766
-121.8291233,36.80011166
-121.8292254,36.80009922
-121.8293274,36.80008458
-121.8294316,36.80007398
-121.829486,36.80006766
-121.829486,36.80006766
-121.8291233,36.80011166
-121.8292254,36.80009922
-121.8293274,36.80008458
-121.8294316,36.80007398
-121.829486,36.80006766
-121.829486,36.80006766
-121.8291233,36.80011166
-121.8292254,36.80009922
-121.8293274,36.80008458
-121.8294316,36.80007398
-121.829486,36.80006766
-121.829486,36.80006766
-121.8291233,36.80011166
-121.8292254,36.80009922
-121.8293274,36.80008458
-121.8294316,36.80007398
-121.829486,36.80006766
-121.829486,36.80006766
-121.8295832,36.80006172
-121.8296712,36.80001253
-121.8296965,36.80000464
-121.8295832,36.80006172
-121.8296712,36.80001253
-121.8296965,36.80000464
-121.8296965,36.80000464
-121.8297773,36.80002653
-121.8298714,36.79998447
-121.8295832,36.80006172
-121.8296712,36.80001253
-121.8296965,36.80000464
-121.8296965,36.80000464
-121.8297773,36.80002653
-121.8298714,36.79998447
-121.8295832,36.80006172
-121.8296712,36.80001253
-121.8296965,36.80000464
-121.8295832,36.80006172
-121.8296712,36.80001253
-121.8296965,36.80000464
-121.8295832,36.80006172
-121.8296712,36.80001253
-121.8296965,36.80000464
-121.8299416,36.79992633
-121.8299789,36.79991204
-121.8300722,36.79986349
-121.8301536,36.79980346
-121.8302176,36.79975622
-121.8302176,36.79975622
-121.8299416,36.79992633
-121.8299789,36.79991204
-121.8300722,36.79986349
-121.8301536,36.79980346
-121.8302176,36.79975622
-121.8302176,36.79975622
-121.8302603,36.79978704
-121.8303552,36.79977252
-121.8304273,36.79971506
-121.8304367,36.79970644
-121.8304367,36.79970644
-121.8304367,36.79970644
-121.8302603,36.79978704
-121.8303552,36.79977252
-121.8304273,36.79971506
-121.8304367,36.79970644
-121.8304367,36.79970644
-121.8304367,36.79970644
-121.8304367,36.79970644
-121.8304367,36.79970644
-121.8304367,36.79970644
-121.8304367,36.79970644
-121.8304367,36.79970644
-121.8304367,36.79970644
-121.8304367,36.79970644
-121.8304367,36.79970644
-121.8304367,36.79970644
-121.8304367,36.79970644
-121.8304367,36.79970644
-121.8304367,36.79970644
-121.8304367,36.79970644
-121.8304367,36.79970644
-121.8304367,36.79970644
-121.8304367,36.79970644
-121.8304367,36.79970644
-121.8304367,36.79970644
-121.8304367,36.79970644
-121.8304367,36.79970644
-121.8304367,36.79970644
-121.8304367,36.79970644
-121.8304367,36.79970644
-121.8304367,36.79970644
-121.8304367,36.79970644
-121.8304367,36.79970644
-121.8304367,36.79970644
-121.8304367,36.79970644
-121.8304367,36.79970644
-121.8304367,36.79970644
-121.8304367,36.79970644
-121.8304367,36.79970644
-121.8304367,36.79970644
-121.8304367,36.79970644
-121.8304367,36.79970644
-121.8304367,36.79970644
-121.8304367,36.79970644
-121.8304367,36.79970644
-121.8304367,36.79970644
-121.8304367,36.79970644
-121.8304367,36.79970644
-121.8304367,36.79970644
-121.8304367,36.79970644
-121.8304367,36.79970644
-121.8304367,36.79970644
-121.8304367,36.79970644
-121.8304367,36.79970644
-121.8304367,36.79970644
-121.8304367,36.79970644
-121.8304367,36.79970644
-121.8304367,36.79970644
-121.8304367,36.79970644
-121.8304367,36.79970644
-121.8304367,36.79970644
-121.8304367,36.79970644
-121.8304367,36.79970644
-121.8304367,36.79970644
-121.8304367,36.79970644
-121.8304367,36.79970644
-121.8304367,36.79970644
-121.8304367,36.79970644
-121.8304367,36.79970644
-121.8304367,36.79970644
-121.8304367,36.79970644
-121.8304367,36.79970644
-121.8304367,36.79970644
-121.8304367,36.79970644
-121.8304367,36.79970644
-121.8304367,36.79970644
-121.8304367,36.79970644
-121.8304367,36.79970644
-121.8304367,36.79970644
-121.8304367,36.79970644
-121.8304367,36.79970644
-121.8304367,36.79970644
-121.8304367,36.79970644
-121.8304367,36.79970644
-121.8304367,36.79970644
-121.8304367,36.79970644
-121.8304367,36.79970644
-121.8304367,36.79970644
-121.8304367,36.79970644
-121.8304367,36.79970644
-121.8304367,36.79970644
-121.8304367,36.79970644
-121.8304367,36.79970644
-121.8304367,36.79970644
-121.8304367,36.79970644
-121.8304367,36.79970644
-121.8304367,36.79970644
-121.8304367,36.79970644
-121.8304367,36.79970644
-121.8304367,36.79970644
-121.8304367,36.79970644
-121.8304367,36.79970644
-121.8304367,36.79970644
-121.8304367,36.79970644
-121.8304367,36.79970644
-121.8304367,36.79970644
-121.8304367,36.79970644
-121.8304367,36.79970644
-121.8304367,36.79970644
-121.8304367,36.79970644
-121.8304367,36.79970644
-121.8304367,36.79970644
-121.8304367,36.79970644
-121.8304367,36.79970644
-121.8304367,36.79970644
-121.8304367,36.79970644
-121.8304367,36.79970644
-121.8304367,36.79970644
-121.8304367,36.79970644
-121.8304367,36.79970644
-121.8304367,36.79970644
-121.8304367,36.79970644
-121.8304367,36.79970644
-121.8304367,36.79970644
-121.8304367,36.79970644
-121.8304367,36.79970644
-121.8304367,36.79970644
-121.8304367,36.79970644
-121.8304367,36.79970644
-121.8304367,36.79970644
-121.8304367,36.79970644
-121.8304367,36.79970644
-121.8304367,36.79970644
-121.8304367,36.79970644
-121.8304367,36.79970644
-121.8304367,36.79970644
-121.8304367,36.79970644
-121.8304367,36.79970644
-121.8304367,36.79970644
-121.8304367,36.79970644
-121.8304367,36.79970644
-121.8304367,36.79970644
-121.8304367,36.79970644
-121.8304367,36.79970644
-121.8304367,36.79970644
-121.8304367,36.79970644
-121.8304367,36.79970644
-121.8304367,36.79970644
-121.8304367,36.79970644
-121.8304367,36.79970644
-121.8304367,36.79970644
-121.8304367,36.79970644
-121.8304367,36.79970644
-121.8304367,36.79970644
-121.8304367,36.79970644
-121.8304367,36.79970644
-121.8304367,36.79970644
-121.8304367,36.79970644
-121.8304367,36.79970644
-121.8304367,36.79970644
-121.8304367,36.79970644
-121.8304367,36.79970644
-121.8304367,36.79970644
-121.8304367,36.79970644
-121.8304367,36.79970644
-121.8304367,36.79970644
-121.8304367,36.79970644
-121.8304367,36.79970644
-121.8304367,36.79970644
-121.8304367,36.79970644
-121.8304367,36.79970644
-121.8304367,36.79970644
-121.8304367,36.79970644
-121.8304367,36.79970644
-121.8304367,36.79970644
-121.8304367,36.79970644
-121.8304367,36.79970644
-121.8304367,36.79970644
-121.8304367,36.79970644
-121.8304367,36.79970644
-121.8304367,36.79970644
-121.8304367,36.79970644
-121.8304367,36.79970644
-121.8304367,36.79970644
-121.8304367,36.79970644
-121.8304367,36.79970644
-121.8304367,36.79970644
-121.8304367,36.79970644
-121.8304367,36.79970644
-121.8304367,36.79970644
-121.8304367,36.79970644
-121.8304367,36.79970644
-121.8304367,36.79970644
-121.8304367,36.79970644
-121.8304367,36.79970644
-121.8304367,36.79970644
-121.8304367,36.79970644
-121.8304367,36.79970644
-121.8304367,36.79970644
-121.8304367,36.79970644
-121.8304367,36.79970644
-121.8304367,36.79970644
-121.8304367,36.79970644
-121.8304367,36.79970644
-121.8304367,36.79970644
-121.8394049,36.79474492
-121.839379,36.7947582
-121.8393833,36.79474006
-121.8394366,36.79469266
-121.8304367,36.79970644
-121.8304367,36.79970644
-121.8394049,36.79474492
-121.839379,36.7947582
-121.8393833,36.79474006
-121.8394366,36.79469266
-121.8304367,36.79970644
-121.8304367,36.79970644
-121.8394049,36.79474492
-121.839379,36.7947582
-121.8393833,36.79474006
-121.8394366,36.79469266
-121.8304367,36.79970644
-121.8304367,36.79970644
-121.8394049,36.79474492
-121.839379,36.7947582
-121.8393833,36.79474006
-121.8394366,36.79469266
-121.8304367,36.79970644
-121.8304367,36.79970644
-121.8394049,36.79474492
-121.839379,36.7947582
-121.8393833,36.79474006
-121.8394366,36.79469266
-121.8304367,36.79970644
-121.8304367,36.79970644
-121.8394049,36.79474492
-121.839379,36.7947582
-121.8393833,36.79474006
-121.8394366,36.79469266
-121.8394325,36.79466302
-121.8393458,36.79460618
-121.839268,36.79454316
-121.839247,36.79452301
-121.8392218,36.79455886
-121.8392647,36.79452629
-121.8394325,36.79466302
-121.8393458,36.79460618
-121.839268,36.79454316
-121.839247,36.79452301
-121.8392218,36.79455886
-121.8392647,36.79452629
-121.8394325,36.79466302
-121.8393458,36.79460618
-121.839268,36.79454316
-121.839247,36.79452301
-121.8392218,36.79455886
-121.8392647,36.79452629
-121.8394325,36.79466302
-121.8393458,36.79460618
-121.839268,36.79454316
-121.839247,36.79452301
-121.8392218,36.79455886
-121.8392647,36.79452629
-121.8394325,36.79466302
-121.8393458,36.79460618
-121.839268,36.79454316
-121.839247,36.79452301
-121.8392218,36.79455886
-121.8392647,36.79452629
-121.8394325,36.79466302
-121.8393458,36.79460618
-121.839268,36.79454316
-121.839247,36.79452301
-121.8392218,36.79455886
-121.8392647,36.79452629
-121.8394213,36.79447725
-121.8395321,36.79445175
-121.8395406,36.79445223
-121.8394545,36.79443938
-121.839362,36.79439166
-121.839321,36.79438754
-121.8394213,36.79447725
-121.8395321,36.79445175
-121.8395406,36.79445223
-121.8394545,36.79443938
-121.839362,36.79439166
-121.839321,36.79438754
-121.8394213,36.79447725
-121.8395321,36.79445175
-121.8395406,36.79445223
-121.8394545,36.79443938
-121.839362,36.79439166
-121.839321,36.79438754
-121.8394213,36.79447725
-121.8395321,36.79445175
-121.8395406,36.79445223
-121.8394545,36.79443938
-121.839362,36.79439166
-121.839321,36.79438754
-121.8394213,36.79447725
-121.8395321,36.79445175
-121.8395406,36.79445223
-121.8394545,36.79443938
-121.839362,36.79439166
-121.839321,36.79438754
-121.8394213,36.79447725
-121.8395321,36.79445175
-121.8395406,36.79445223
-121.8394545,36.79443938
-121.839362,36.79439166
-121.839321,36.79438754
-121.8393286,36.79446765
-121.8393631,36.79448777
-121.8394002,36.79446639
-121.8394405,36.79446247
-121.8394576,36.79452126
-121.8395064,36.79455746
-121.8393286,36.79446765
-121.8393631,36.79448777
-121.8394002,36.79446639
-121.8394405,36.79446247
-121.8394576,36.79452126
-121.8395064,36.79455746
-121.8393286,36.79446765
-121.8393631,36.79448777
-121.8394002,36.79446639
-121.8394405,36.79446247
-121.8394576,36.79452126
-121.8395064,36.79455746
-121.8393286,36.79446765
-121.8393631,36.79448777
-121.8394002,36.79446639
-121.8394405,36.79446247
-121.8394576,36.79452126
-121.8395064,36.79455746
-121.8393286,36.79446765
-121.8393631,36.79448777
-121.8394002,36.79446639
-121.8394405,36.79446247
-121.8394576,36.79452126
-121.8395064,36.79455746
-121.8393286,36.79446765
-121.8393631,36.79448777
-121.8394002,36.79446639
-121.8394405,36.79446247
-121.8394576,36.79452126
-121.8395064,36.79455746
-121.8396074,36.79458743
-121.8396835,36.79460671
-121.8397198,36.79460855
-121.8397269,36.79459076
-121.8397634,36.79458508
-121.8397865,36.7945721
-121.8396074,36.79458743
-121.8396835,36.79460671
-121.8397198,36.79460855
-121.8397269,36.79459076
-121.8397634,36.79458508
-121.8397865,36.7945721
-121.8396074,36.79458743
-121.8396835,36.79460671
-121.8397198,36.79460855
-121.8397269,36.79459076
-121.8397634,36.79458508
-121.8397865,36.7945721
-121.8396074,36.79458743
-121.8396835,36.79460671
-121.8397198,36.79460855
-121.8397269,36.79459076
-121.8397634,36.79458508
-121.8397865,36.7945721
-121.8396074,36.79458743
-121.8396835,36.79460671
-121.8397198,36.79460855
-121.8397269,36.79459076
-121.8397634,36.79458508
-121.8397865,36.7945721
-121.8396074,36.79458743
-121.8396835,36.79460671
-121.8397198,36.79460855
-121.8397269,36.79459076
-121.8397634,36.79458508
-121.8397865,36.7945721
-121.8398142,36.79458761
-121.8398293,36.79457736
-121.8398298,36.7945805
-121.8398334,36.79460459
-121.8398639,36.79462733
-121.8398394,36.79464819
-121.8398142,36.79458761
-121.8398293,36.79457736
-121.8398298,36.7945805
-121.8398334,36.79460459
-121.8398639,36.79462733
-121.8398394,36.79464819
-121.8398142,36.79458761
-121.8398293,36.79457736
-121.8398298,36.7945805
-121.8398334,36.79460459
-121.8398639,36.79462733
-121.8398394,36.79464819
-121.8398142,36.79458761
-121.8398293,36.79457736
-121.8398298,36.7945805
-121.8398334,36.79460459
-121.8398639,36.79462733
-121.8398394,36.79464819
-121.8398142,36.79458761
-121.8398293,36.79457736
-121.8398298,36.7945805
-121.8398334,36.79460459
-121.8398639,36.79462733
-121.8398394,36.79464819
-121.8398142,36.79458761
-121.8398293,36.79457736
-121.8398298,36.7945805
-121.8398334,36.79460459
-121.8398639,36.79462733
-121.8398394,36.79464819
-121.8398359,36.79457221
-121.8398219,36.79452546
-121.839762,36.79450478
-121.8396616,36.7944783
-121.8395779,36.79444275
-121.8396086,36.79440094
-121.8398359,36.79457221
-121.8398219,36.79452546
-121.839762,36.79450478
-121.8396616,36.7944783
-121.8395779,36.79444275
-121.8396086,36.79440094
-121.8398359,36.79457221
-121.8398219,36.79452546
-121.839762,36.79450478
-121.8396616,36.7944783
-121.8395779,36.79444275
-121.8396086,36.79440094
-121.8398359,36.79457221
-121.8398219,36.79452546
-121.839762,36.79450478
-121.8396616,36.7944783
-121.8395779,36.79444275
-121.8396086,36.79440094
-121.8398359,36.79457221
-121.8398219,36.79452546
-121.839762,36.79450478
-121.8396616,36.7944783
-121.8395779,36.79444275
-121.8396086,36.79440094
-121.8398359,36.79457221
-121.8398219,36.79452546
-121.839762,36.79450478
-121.8396616,36.7944783
-121.8395779,36.79444275
-121.8396086,36.79440094
-121.8395776,36.79437775
-121.8395484,36.7943716
-121.839128,36.79376306
-121.8391121,36.79373263
-121.8390962,36.7937022
-121.839135,36.79366887
-121.8395776,36.79437775
-121.8395484,36.7943716
-121.839128,36.79376306
-121.8391121,36.79373263
-121.8390962,36.7937022
-121.839135,36.79366887
-121.8395776,36.79437775
-121.8395484,36.7943716
-121.839128,36.79376306
-121.8391121,36.79373263
-121.8390962,36.7937022
-121.839135,36.79366887
-121.8395776,36.79437775
-121.8395484,36.7943716
-121.839128,36.79376306
-121.8391121,36.79373263
-121.8390962,36.7937022
-121.839135,36.79366887
-121.8395776,36.79437775
-121.8395484,36.7943716
-121.839128,36.79376306
-121.8391121,36.79373263
-121.8390962,36.7937022
-121.839135,36.79366887
-121.8395776,36.79437775
-121.8395484,36.7943716
-121.839128,36.79376306
-121.8391121,36.79373263
-121.8390962,36.7937022
-121.839135,36.79366887
-121.8391797,36.79370623
-121.8392804,36.79372154
-121.8394198,36.79371218
-121.8395102,36.7937509
-121.8395376,36.79386648
-121.8395532,36.79390647
-121.8391797,36.79370623
-121.8392804,36.79372154
-121.8394198,36.79371218
-121.8395102,36.7937509
-121.8395376,36.79386648
-121.8395532,36.79390647
-121.8391797,36.79370623
-121.8392804,36.79372154
-121.8394198,36.79371218
-121.8395102,36.7937509
-121.8395376,36.79386648
-121.8395532,36.79390647
-121.8391797,36.79370623
-121.8392804,36.79372154
-121.8394198,36.79371218
-121.8395102,36.7937509
-121.8395376,36.79386648
-121.8395532,36.79390647
-121.8391797,36.79370623
-121.8392804,36.79372154
-121.8394198,36.79371218
-121.8395102,36.7937509
-121.8395376,36.79386648
-121.8395532,36.79390647
-121.8391797,36.79370623
-121.8392804,36.79372154
-121.8394198,36.79371218
-121.8395102,36.7937509
-121.8395376,36.79386648
-121.8395532,36.79390647
-121.8396592,36.79390636
-121.8397481,36.79385418
-121.8398632,36.79388948
-121.8399208,36.79392503
-121.8399794,36.79396731
-121.840047,36.79395721
-121.8396592,36.79390636
-121.8397481,36.79385418
-121.8398632,36.79388948
-121.8399208,36.79392503
-121.8399794,36.79396731
-121.840047,36.79395721
-121.8396592,36.79390636
-121.8397481,36.79385418
-121.8398632,36.79388948
-121.8399208,36.79392503
-121.8399794,36.79396731
-121.840047,36.79395721
-121.8396592,36.79390636
-121.8397481,36.79385418
-121.8398632,36.79388948
-121.8399208,36.79392503
-121.8399794,36.79396731
-121.840047,36.79395721
-121.8396592,36.79390636
-121.8397481,36.79385418
-121.8398632,36.79388948
-121.8399208,36.79392503
-121.8399794,36.79396731
-121.840047,36.79395721
-121.8396592,36.79390636
-121.8397481,36.79385418
-121.8398632,36.79388948
-121.8399208,36.79392503
-121.8399794,36.79396731
-121.840047,36.79395721
-121.8401035,36.79390407
-121.8401829,36.79390031
-121.8402167,36.79390196
-121.8402794,36.79385082
-121.8007157,36.80461929
-121.8007898,36.80461768
-121.8401035,36.79390407
-121.8401829,36.79390031
-121.8402167,36.79390196
-121.8402794,36.79385082
-121.8007157,36.80461929
-121.8007898,36.80461768
-121.8401035,36.79390407
-121.8401829,36.79390031
-121.8402167,36.79390196
-121.8402794,36.79385082
-121.8007157,36.80461929
-121.8007898,36.80461768
-121.8401035,36.79390407
-121.8401829,36.79390031
-121.8402167,36.79390196
-121.8402794,36.79385082
-121.8007157,36.80461929
-121.8007898,36.80461768
-121.8401035,36.79390407
-121.8401829,36.79390031
-121.8402167,36.79390196
-121.8402794,36.79385082
-121.8007157,36.80461929
-121.8007898,36.80461768
-121.8401035,36.79390407
-121.8401829,36.79390031
-121.8402167,36.79390196
-121.8402794,36.79385082
-121.8007157,36.80461929
-121.8007898,36.80461768
-121.8009035,36.80460557
-121.8009123,36.80455718
-121.8009087,36.80450202
-121.8009117,36.80446195
-121.8009795,36.80446046
-121.801061,36.8044135
-121.8009035,36.80460557
-121.8009123,36.80455718
-121.8009087,36.80450202
-121.8009117,36.80446195
-121.8009795,36.80446046
-121.801061,36.8044135
-121.8009035,36.80460557
-121.8009123,36.80455718
-121.8009087,36.80450202
-121.8009117,36.80446195
-121.8009795,36.80446046
-121.801061,36.8044135
-121.8009035,36.80460557
-121.8009123,36.80455718
-121.8009087,36.80450202
-121.8009117,36.80446195
-121.8009795,36.80446046
-121.801061,36.8044135
-121.8009035,36.80460557
-121.8009123,36.80455718
-121.8009087,36.80450202
-121.8009117,36.80446195
-121.8009795,36.80446046
-121.801061,36.8044135
-121.8009035,36.80460557
-121.8009123,36.80455718
-121.8009087,36.80450202
-121.8009117,36.80446195
-121.8009795,36.80446046
-121.801061,36.8044135
-121.8010335,36.8044815
-121.8010291,36.80451344
-121.8010983,36.80453426
-121.8011738,36.80455156
-121.8011489,36.80463923
-121.8010316,36.80453502
-121.8010335,36.8044815
-121.8010291,36.80451344
-121.8010983,36.80453426
-121.8011738,36.80455156
-121.8011489,36.80463923
-121.8010316,36.80453502
-121.8010335,36.8044815
-121.8010291,36.80451344
-121.8010983,36.80453426
-121.8011738,36.80455156
-121.8011489,36.80463923
-121.8010316,36.80453502
-121.8010335,36.8044815
-121.8010291,36.80451344
-121.8010983,36.80453426
-121.8011738,36.80455156
-121.8011489,36.80463923
-121.8010316,36.80453502
-121.8010335,36.8044815
-121.8010291,36.80451344
-121.8010983,36.80453426
-121.8011738,36.80455156
-121.8011489,36.80463923
-121.8010316,36.80453502
-121.8010335,36.8044815
-121.8010291,36.80451344
-121.8010983,36.80453426
-121.8011738,36.80455156
-121.8011489,36.80463923
-121.8010316,36.80453502
-121.8011429,36.80453375
-121.8011985,36.8045497
-121.8012036,36.80454196
-121.8012096,36.80452876
-121.801244,36.80450671
-121.8013271,36.80449575
-121.8011429,36.80453375
-121.8011985,36.8045497
-121.8012036,36.80454196
-121.8012096,36.80452876
-121.801244,36.80450671
-121.8013271,36.80449575
-121.8011429,36.80453375
-121.8011985,36.8045497
-121.8012036,36.80454196
-121.8012096,36.80452876
-121.801244,36.80450671
-121.8013271,36.80449575
-121.8011429,36.80453375
-121.8011985,36.8045497
-121.8012036,36.80454196
-121.8012096,36.80452876
-121.801244,36.80450671
-121.8013271,36.80449575
-121.8011429,36.80453375
-121.8011985,36.8045497
-121.8012036,36.80454196
-121.8012096,36.80452876
-121.801244,36.80450671
-121.8013271,36.80449575
-121.8011429,36.80453375
-121.8011985,36.8045497
-121.8012036,36.80454196
-121.8012096,36.80452876
-121.801244,36.80450671
-121.8013271,36.80449575
-121.8013957,36.80455444
-121.8014798,36.80452242
-121.801466,36.8045745
-121.8014968,36.80460068
-121.8015467,36.80461554
-121.8015515,36.80465088
-121.8013957,36.80455444
-121.8014798,36.80452242
-121.801466,36.8045745
-121.8014968,36.80460068
-121.8015467,36.80461554
-121.8015515,36.80465088
-121.8013957,36.80455444
-121.8014798,36.80452242
-121.801466,36.8045745
-121.8014968,36.80460068
-121.8015467,36.80461554
-121.8015515,36.80465088
-121.8013957,36.80455444
-121.8014798,36.80452242
-121.801466,36.8045745
-121.8014968,36.80460068
-121.8015467,36.80461554
-121.8015515,36.80465088
-121.8013957,36.80455444
-121.8014798,36.80452242
-121.801466,36.8045745
-121.8014968,36.80460068
-121.8015467,36.80461554
-121.8015515,36.80465088
-121.8013957,36.80455444
-121.8014798,36.80452242
-121.801466,36.8045745
-121.8014968,36.80460068
-121.8015467,36.80461554
-121.8015515,36.80465088
-121.8016609,36.80461623
-121.8017654,36.8046131
-121.8019243,36.80461059
-121.802041,36.80462676
-121.8021008,36.80465426
-121.8021496,36.804708
-121.8016609,36.80461623
-121.8017654,36.8046131
-121.8019243,36.80461059
-121.802041,36.80462676
-121.8021008,36.80465426
-121.8021496,36.804708
-121.8016609,36.80461623
-121.8017654,36.8046131
-121.8019243,36.80461059
-121.802041,36.80462676
-121.8021008,36.80465426
-121.8021496,36.804708
-121.8016609,36.80461623
-121.8017654,36.8046131
-121.8019243,36.80461059
-121.802041,36.80462676
-121.8021008,36.80465426
-121.8021496,36.804708
-121.8016609,36.80461623
-121.8017654,36.8046131
-121.8019243,36.80461059
-121.802041,36.80462676
-121.8021008,36.80465426
-121.8021496,36.804708
-121.8016609,36.80461623
-121.8017654,36.8046131
-121.8019243,36.80461059
-121.802041,36.80462676
-121.8021008,36.80465426
-121.8021496,36.804708
-121.8022235,36.80472094
-121.8023244,36.80476228
-121.8024476,36.80480149
-121.8025672,36.80480578
-121.8026092,36.80479702
-121.8027039,36.804717
-121.8022235,36.80472094
-121.8023244,36.80476228
-121.8024476,36.80480149
-121.8025672,36.80480578
-121.8026092,36.80479702
-121.8027039,36.804717
-121.8022235,36.80472094
-121.8023244,36.80476228
-121.8024476,36.80480149
-121.8025672,36.80480578
-121.8026092,36.80479702
-121.8027039,36.804717
-121.8022235,36.80472094
-121.8023244,36.80476228
-121.8024476,36.80480149
-121.8025672,36.80480578
-121.8026092,36.80479702
-121.8027039,36.804717
-121.8022235,36.80472094
-121.8023244,36.80476228
-121.8024476,36.80480149
-121.8025672,36.80480578
-121.8026092,36.80479702
-121.8027039,36.804717
-121.8022235,36.80472094
-121.8023244,36.80476228
-121.8024476,36.80480149
-121.8025672,36.80480578
-121.8026092,36.80479702
-121.8027039,36.804717
-121.8027266,36.80472177
-121.8027523,36.80481494
-121.8027692,36.80482881
-121.8028515,36.80486506
-121.803029,36.80491154
-121.8030801,36.80487017
-121.8027266,36.80472177
-121.8027523,36.80481494
-121.8027692,36.80482881
-121.8028515,36.80486506
-121.803029,36.80491154
-121.8030801,36.80487017
-121.8027266,36.80472177
-121.8027523,36.80481494
-121.8027692,36.80482881
-121.8028515,36.80486506
-121.803029,36.80491154
-121.8030801,36.80487017
-121.8027266,36.80472177
-121.8027523,36.80481494
-121.8027692,36.80482881
-121.8028515,36.80486506
-121.803029,36.80491154
-121.8030801,36.80487017
-121.8027266,36.80472177
-121.8027523,36.80481494
-121.8027692,36.80482881
-121.8028515,36.80486506
-121.803029,36.80491154
-121.8030801,36.80487017
-121.8027266,36.80472177
-121.8027523,36.80481494
-121.8027692,36.80482881
-121.8028515,36.80486506
-121.803029,36.80491154
-121.8030801,36.80487017
-121.8031505,36.80493091
-121.803218,36.80493432
-121.8032586,36.80495577
-121.8033096,36.80495516
-121.8033831,36.8049433
-121.8034792,36.80499482
-121.8031505,36.80493091
-121.803218,36.80493432
-121.8032586,36.80495577
-121.8033096,36.80495516
-121.8033831,36.8049433
-121.8034792,36.80499482
-121.8031505,36.80493091
-121.803218,36.80493432
-121.8032586,36.80495577
-121.8033096,36.80495516
-121.8033831,36.8049433
-121.8034792,36.80499482
-121.8031505,36.80493091
-121.803218,36.80493432
-121.8032586,36.80495577
-121.8033096,36.80495516
-121.8033831,36.8049433
-121.8034792,36.80499482
-121.8031505,36.80493091
-121.803218,36.80493432
-121.8032586,36.80495577
-121.8033096,36.80495516
-121.8033831,36.8049433
-121.8034792,36.80499482
-121.8031505,36.80493091
-121.803218,36.80493432
-121.8032586,36.80495577
-121.8033096,36.80495516
-121.8033831,36.8049433
-121.8034792,36.80499482
-121.8036635,36.80508258
-121.80385,36.805136
-121.8039353,36.80519479
-121.8040047,36.80518367
-121.8041062,36.80519315
-121.8041971,36.80518883
-121.8036635,36.80508258
-121.80385,36.805136
-121.8039353,36.80519479
-121.8040047,36.80518367
-121.8041062,36.80519315
-121.8041971,36.80518883
-121.8036635,36.80508258
-121.80385,36.805136
-121.8039353,36.80519479
-121.8040047,36.80518367
-121.8041062,36.80519315
-121.8041971,36.80518883
-121.8036635,36.80508258
-121.80385,36.805136
-121.8039353,36.80519479
-121.8040047,36.80518367
-121.8041062,36.80519315
-121.8041971,36.80518883
-121.8036635,36.80508258
-121.80385,36.805136
-121.8039353,36.80519479
-121.8040047,36.80518367
-121.8041062,36.80519315
-121.8041971,36.80518883
-121.8036635,36.80508258
-121.80385,36.805136
-121.8039353,36.80519479
-121.8040047,36.80518367
-121.8041062,36.80519315
-121.8041971,36.80518883
-121.8042802,36.80516351
-121.8042901,36.80515482
-121.8042398,36.80512247
-121.8042531,36.80499792
-121.804219,36.80498492
-121.8042345,36.8050421
-121.8042802,36.80516351
-121.8042901,36.80515482
-121.8042398,36.80512247
-121.8042531,36.80499792
-121.804219,36.80498492
-121.8042345,36.8050421
-121.8042802,36.80516351
-121.8042901,36.80515482
-121.8042398,36.80512247
-121.8042531,36.80499792
-121.804219,36.80498492
-121.8042345,36.8050421
-121.8042802,36.80516351
-121.8042901,36.80515482
-121.8042398,36.80512247
-121.8042531,36.80499792
-121.804219,36.80498492
-121.8042345,36.8050421
-121.8042802,36.80516351
-121.8042901,36.80515482
-121.8042398,36.80512247
-121.8042531,36.80499792
-121.804219,36.80498492
-121.8042345,36.8050421
-121.8042802,36.80516351
-121.8042901,36.80515482
-121.8042398,36.80512247
-121.8042531,36.80499792
-121.804219,36.80498492
-121.8042345,36.8050421
-121.8043029,36.80505294
-121.8043624,36.80505932
-121.804382,36.80510467
-121.8045472,36.8050898
-121.8046458,36.80506904
-121.8046866,36.80501509
-121.8043029,36.80505294
-121.8043624,36.80505932
-121.804382,36.80510467
-121.8045472,36.8050898
-121.8046458,36.80506904
-121.8046866,36.80501509
-121.8043029,36.80505294
-121.8043624,36.80505932
-121.804382,36.80510467
-121.8045472,36.8050898
-121.8046458,36.80506904
-121.8046866,36.80501509
-121.8043029,36.80505294
-121.8043624,36.80505932
-121.804382,36.80510467
-121.8045472,36.8050898
-121.8046458,36.80506904
-121.8046866,36.80501509
-121.8043029,36.80505294
-121.8043624,36.80505932
-121.804382,36.80510467
-121.8045472,36.8050898
-121.8046458,36.80506904
-121.8046866,36.80501509
-121.8043029,36.80505294
-121.8043624,36.80505932
-121.804382,36.80510467
-121.8045472,36.8050898
-121.8046458,36.80506904
-121.8046866,36.80501509
-121.8047665,36.80500548
-121.8048265,36.80505533
-121.8049165,36.80508151
-121.8048674,36.80503851
-121.8048775,36.80498133
-121.804954,36.80497878
-121.8047665,36.80500548
-121.8048265,36.80505533
-121.8049165,36.80508151
-121.8048674,36.80503851
-121.8048775,36.80498133
-121.804954,36.80497878
-121.8047665,36.80500548
-121.8048265,36.80505533
-121.8049165,36.80508151
-121.8048674,36.80503851
-121.8048775,36.80498133
-121.804954,36.80497878
-121.8047665,36.80500548
-121.8048265,36.80505533
-121.8049165,36.80508151
-121.8048674,36.80503851
-121.8048775,36.80498133
-121.804954,36.80497878
-121.8047665,36.80500548
-121.8048265,36.80505533
-121.8049165,36.80508151
-121.8048674,36.80503851
-121.8048775,36.80498133
-121.804954,36.80497878
-121.8047665,36.80500548
-121.8048265,36.80505533
-121.8049165,36.80508151
-121.8048674,36.80503851
-121.8048775,36.80498133
-121.804954,36.80497878
-121.805059,36.80498839
-121.8051481,36.80495994
-121.8051937,36.80492098
-121.805256,36.80493238
-121.8051831,36.80494711
-121.8052391,36.80490733
-121.805059,36.80498839
-121.8051481,36.80495994
-121.8051937,36.80492098
-121.805256,36.80493238
-121.8051831,36.80494711
-121.8052391,36.80490733
-121.805059,36.80498839
-121.8051481,36.80495994
-121.8051937,36.80492098
-121.805256,36.80493238
-121.8051831,36.80494711
-121.8052391,36.80490733
-121.805059,36.80498839
-121.8051481,36.80495994
-121.8051937,36.80492098
-121.805256,36.80493238
-121.8051831,36.80494711
-121.8052391,36.80490733
-121.805059,36.80498839
-121.8051481,36.80495994
-121.8051937,36.80492098
-121.805256,36.80493238
-121.8051831,36.80494711
-121.8052391,36.80490733
-121.805059,36.80498839
-121.8051481,36.80495994
-121.8051937,36.80492098
-121.805256,36.80493238
-121.8051831,36.80494711
-121.8052391,36.80490733
-121.8053249,36.80489221
-121.8053813,36.80490912
-121.8054004,36.80494185
-121.8054266,36.80493772
-121.8054473,36.80492136
-121.8054981,36.80488799
-121.8053249,36.80489221
-121.8053813,36.80490912
-121.8054004,36.80494185
-121.8054266,36.80493772
-121.8054473,36.80492136
-121.8054981,36.80488799
-121.8053249,36.80489221
-121.8053813,36.80490912
-121.8054004,36.80494185
-121.8054266,36.80493772
-121.8054473,36.80492136
-121.8054981,36.80488799
-121.8053249,36.80489221
-121.8053813,36.80490912
-121.8054004,36.80494185
-121.8054266,36.80493772
-121.8054473,36.80492136
-121.8054981,36.80488799
-121.8053249,36.80489221
-121.8053813,36.80490912
-121.8054004,36.80494185
-121.8054266,36.80493772
-121.8054473,36.80492136
-121.8054981,36.80488799
-121.8053249,36.80489221
-121.8053813,36.80490912
-121.8054004,36.80494185
-121.8054266,36.80493772
-121.8054473,36.80492136
-121.8054981,36.80488799
-121.8056278,36.80489735
-121.8056468,36.80488867
-121.8057186,36.8048385
-121.8057645,36.80480451
-121.8058109,36.80487148
-121.8058954,36.80488879
-121.8056278,36.80489735
-121.8056468,36.80488867
-121.8057186,36.8048385
-121.8057645,36.80480451
-121.8058109,36.80487148
-121.8058954,36.80488879
-121.8056278,36.80489735
-121.8056468,36.80488867
-121.8057186,36.8048385
-121.8057645,36.80480451
-121.8058109,36.80487148
-121.8058954,36.80488879
-121.8056278,36.80489735
-121.8056468,36.80488867
-121.8057186,36.8048385
-121.8057645,36.80480451
-121.8058109,36.80487148
-121.8058954,36.80488879
-121.8056278,36.80489735
-121.8056468,36.80488867
-121.8057186,36.8048385
-121.8057645,36.80480451
-121.8058109,36.80487148
-121.8058954,36.80488879
-121.8056278,36.80489735
-121.8056468,36.80488867
-121.8057186,36.8048385
-121.8057645,36.80480451
-121.8058109,36.80487148
-121.8058954,36.80488879
-121.8060771,36.80493987
-121.8062459,36.80506918
-121.806186,36.80523538
-121.8062822,36.80531206
-121.8063327,36.80533818
-121.8063901,36.80533814
-121.8060771,36.80493987
-121.8062459,36.80506918
-121.806186,36.80523538
-121.8062822,36.80531206
-121.8063327,36.80533818
-121.8063901,36.80533814
-121.8060771,36.80493987
-121.8062459,36.80506918
-121.806186,36.80523538
-121.8062822,36.80531206
-121.8063327,36.80533818
-121.8063901,36.80533814
-121.8060771,36.80493987
-121.8062459,36.80506918
-121.806186,36.80523538
-121.8062822,36.80531206
-121.8063327,36.80533818
-121.8063901,36.80533814
-121.8060771,36.80493987
-121.8062459,36.80506918
-121.806186,36.80523538
-121.8062822,36.80531206
-121.8063327,36.80533818
-121.8063901,36.80533814
-121.8060771,36.80493987
-121.8062459,36.80506918
-121.806186,36.80523538
-121.8062822,36.80531206
-121.8063327,36.80533818
-121.8063901,36.80533814
-121.8064143,36.80536315
-121.8064671,36.80535877
-121.8065031,36.80537738
-121.8065359,36.80543338
-121.8066506,36.80546821
-121.8067453,36.80543272
-121.8064143,36.80536315
-121.8064671,36.80535877
-121.8065031,36.80537738
-121.8065359,36.80543338
-121.8066506,36.80546821
-121.8067453,36.80543272
-121.8064143,36.80536315
-121.8064671,36.80535877
-121.8065031,36.80537738
-121.8065359,36.80543338
-121.8066506,36.80546821
-121.8067453,36.80543272
-121.8064143,36.80536315
-121.8064671,36.80535877
-121.8065031,36.80537738
-121.8065359,36.80543338
-121.8066506,36.80546821
-121.8067453,36.80543272
-121.8064143,36.80536315
-121.8064671,36.80535877
-121.8065031,36.80537738
-121.8065359,36.80543338
-121.8066506,36.80546821
-121.8067453,36.80543272
-121.8064143,36.80536315
-121.8064671,36.80535877
-121.8065031,36.80537738
-121.8065359,36.80543338
-121.8066506,36.80546821
-121.8067453,36.80543272
-121.8068808,36.80534835
-121.8069204,36.80533497
-121.8069824,36.80536522
-121.8070605,36.80534572
-121.8071066,36.80533024
-121.8070652,36.80527097
-121.8068808,36.80534835
-121.8069204,36.80533497
-121.8069824,36.80536522
-121.8070605,36.80534572
-121.8071066,36.80533024
-121.8070652,36.80527097
-121.8068808,36.80534835
-121.8069204,36.80533497
-121.8069824,36.80536522
-121.8070605,36.80534572
-121.8071066,36.80533024
-121.8070652,36.80527097
-121.8068808,36.80534835
-121.8069204,36.80533497
-121.8069824,36.80536522
-121.8070605,36.80534572
-121.8071066,36.80533024
-121.8070652,36.80527097
-121.8068808,36.80534835
-121.8069204,36.80533497
-121.8069824,36.80536522
-121.8070605,36.80534572
-121.8071066,36.80533024
-121.8070652,36.80527097
-121.8068808,36.80534835
-121.8069204,36.80533497
-121.8069824,36.80536522
-121.8070605,36.80534572
-121.8071066,36.80533024
-121.8070652,36.80527097
-121.8071239,36.80529537
-121.8071507,36.80517523
-121.807191,36.8051597
-121.8072266,36.80518837
-121.8072503,36.80521778
-121.8072758,36.80524658
-121.8071239,36.80529537
-121.8071507,36.80517523
-121.807191,36.8051597
-121.8072266,36.80518837
-121.8072503,36.80521778
-121.8072758,36.80524658
-121.8071239,36.80529537
-121.8071507,36.80517523
-121.807191,36.8051597
-121.8072266,36.80518837
-121.8072503,36.80521778
-121.8072758,36.80524658
-121.8071239,36.80529537
-121.8071507,36.80517523
-121.807191,36.8051597
-121.8072266,36.80518837
-121.8072503,36.80521778
-121.8072758,36.80524658
-121.8071239,36.80529537
-121.8071507,36.80517523
-121.807191,36.8051597
-121.8072266,36.80518837
-121.8072503,36.80521778
-121.8072758,36.80524658
-121.8071239,36.80529537
-121.8071507,36.80517523
-121.807191,36.8051597
-121.8072266,36.80518837
-121.8072503,36.80521778
-121.8072758,36.80524658
-121.807329,36.80525329
-121.8073789,36.8053061
-121.8074275,36.80535886
-121.807371,36.80543299
-121.8072597,36.80551337
-121.8073084,36.80543018
-121.807329,36.80525329
-121.8073789,36.8053061
-121.8074275,36.80535886
-121.807371,36.80543299
-121.8072597,36.80551337
-121.8073084,36.80543018
-121.807329,36.80525329
-121.8073789,36.8053061
-121.8074275,36.80535886
-121.807371,36.80543299
-121.8072597,36.80551337
-121.8073084,36.80543018
-121.807329,36.80525329
-121.8073789,36.8053061
-121.8074275,36.80535886
-121.807371,36.80543299
-121.8072597,36.80551337
-121.8073084,36.80543018
-121.807329,36.80525329
-121.8073789,36.8053061
-121.8074275,36.80535886
-121.807371,36.80543299
-121.8072597,36.80551337
-121.8073084,36.80543018
-121.807329,36.80525329
-121.8073789,36.8053061
-121.8074275,36.80535886
-121.807371,36.80543299
-121.8072597,36.80551337
-121.8073084,36.80543018
-121.807401,36.80545834
-121.8074491,36.80545087
-121.807491,36.80543996
-121.80753,36.80542983
-121.8075723,36.80546033
-121.807603,36.80545129
-121.807401,36.80545834
-121.8074491,36.80545087
-121.807491,36.80543996
-121.80753,36.80542983
-121.8075723,36.80546033
-121.807603,36.80545129
-121.807401,36.80545834
-121.8074491,36.80545087
-121.807491,36.80543996
-121.80753,36.80542983
-121.8075723,36.80546033
-121.807603,36.80545129
-121.807401,36.80545834
-121.8074491,36.80545087
-121.807491,36.80543996
-121.80753,36.80542983
-121.8075723,36.80546033
-121.807603,36.80545129
-121.807401,36.80545834
-121.8074491,36.80545087
-121.807491,36.80543996
-121.80753,36.80542983
-121.8075723,36.80546033
-121.807603,36.80545129
-121.807401,36.80545834
-121.8074491,36.80545087
-121.807491,36.80543996
-121.80753,36.80542983
-121.8075723,36.80546033
-121.807603,36.80545129
-121.8075958,36.80545054
-121.8076991,36.80541766
-121.8077725,36.80540497
-121.8078278,36.80542649
-121.8078556,36.805421
-121.8078584,36.8054176
-121.8075958,36.80545054
-121.8076991,36.80541766
-121.8077725,36.80540497
-121.8078278,36.80542649
-121.8078556,36.805421
-121.8078584,36.8054176
-121.8075958,36.80545054
-121.8076991,36.80541766
-121.8077725,36.80540497
-121.8078278,36.80542649
-121.8078556,36.805421
-121.8078584,36.8054176
-121.8075958,36.80545054
-121.8076991,36.80541766
-121.8077725,36.80540497
-121.8078278,36.80542649
-121.8078556,36.805421
-121.8078584,36.8054176
-121.8075958,36.80545054
-121.8076991,36.80541766
-121.8077725,36.80540497
-121.8078278,36.80542649
-121.8078556,36.805421
-121.8078584,36.8054176
-121.8075958,36.80545054
-121.8076991,36.80541766
-121.8077725,36.80540497
-121.8078278,36.80542649
-121.8078556,36.805421
-121.8078584,36.8054176
-121.8078998,36.80545289
-121.8079646,36.80545094
-121.8079057,36.80547424
-121.8078481,36.80553664
-121.8078591,36.80547794
-121.8079156,36.80544056
-121.8078998,36.80545289
-121.8079646,36.80545094
-121.8079057,36.80547424
-121.8078481,36.80553664
-121.8078591,36.80547794
-121.8079156,36.80544056
-121.8078998,36.80545289
-121.8079646,36.80545094
-121.8079057,36.80547424
-121.8078481,36.80553664
-121.8078591,36.80547794
-121.8079156,36.80544056
-121.8078998,36.80545289
-121.8079646,36.80545094
-121.8079057,36.80547424
-121.8078481,36.80553664
-121.8078591,36.80547794
-121.8079156,36.80544056
-121.8078998,36.80545289
-121.8079646,36.80545094
-121.8079057,36.80547424
-121.8078481,36.80553664
-121.8078591,36.80547794
-121.8079156,36.80544056
-121.8078998,36.80545289
-121.8079646,36.80545094
-121.8079057,36.80547424
-121.8078481,36.80553664
-121.8078591,36.80547794
-121.8079156,36.80544056
-121.8079368,36.80544904
-121.8079453,36.80547349
-121.8079552,36.80548968
-121.8079726,36.8054546
-121.8081084,36.80559213
-121.8082362,36.80559707
-121.8079368,36.80544904
-121.8079453,36.80547349
-121.8079552,36.80548968
-121.8079726,36.8054546
-121.8081084,36.80559213
-121.8082362,36.80559707
-121.8079368,36.80544904
-121.8079453,36.80547349
-121.8079552,36.80548968
-121.8079726,36.8054546
-121.8081084,36.80559213
-121.8082362,36.80559707
-121.8079368,36.80544904
-121.8079453,36.80547349
-121.8079552,36.80548968
-121.8079726,36.8054546
-121.8081084,36.80559213
-121.8082362,36.80559707
-121.8079368,36.80544904
-121.8079453,36.80547349
-121.8079552,36.80548968
-121.8079726,36.8054546
-121.8081084,36.80559213
-121.8082362,36.80559707
-121.8079368,36.80544904
-121.8079453,36.80547349
-121.8079552,36.80548968
-121.8079726,36.8054546
-121.8081084,36.80559213
-121.8082362,36.80559707
-121.8083224,36.80561423
-121.8083623,36.80562717
-121.8083973,36.80571771
-121.8085164,36.80577786
-121.8085689,36.80584137
-121.8086174,36.80589493
-121.8083224,36.80561423
-121.8083623,36.80562717
-121.8083973,36.80571771
-121.8085164,36.80577786
-121.8085689,36.80584137
-121.8086174,36.80589493
-121.8083224,36.80561423
-121.8083623,36.80562717
-121.8083973,36.80571771
-121.8085164,36.80577786
-121.8085689,36.80584137
-121.8086174,36.80589493
-121.8083224,36.80561423
-121.8083623,36.80562717
-121.8083973,36.80571771
-121.8085164,36.80577786
-121.8085689,36.80584137
-121.8086174,36.80589493
-121.8083224,36.80561423
-121.8083623,36.80562717
-121.8083973,36.80571771
-121.8085164,36.80577786
-121.8085689,36.80584137
-121.8086174,36.80589493
-121.8083224,36.80561423
-121.8083623,36.80562717
-121.8083973,36.80571771
-121.8085164,36.80577786
-121.8085689,36.80584137
-121.8086174,36.80589493
-121.8087087,36.80592867
-121.8088024,36.80593088
-121.8088718,36.80599701
-121.8090795,36.80597495
-121.8091946,36.80598207
-121.8092389,36.80600262
-121.8087087,36.80592867
-121.8088024,36.80593088
-121.8088718,36.80599701
-121.8090795,36.80597495
-121.8091946,36.80598207
-121.8092389,36.80600262
-121.8087087,36.80592867
-121.8088024,36.80593088
-121.8088718,36.80599701
-121.8090795,36.80597495
-121.8091946,36.80598207
-121.8092389,36.80600262
-121.8087087,36.80592867
-121.8088024,36.80593088
-121.8088718,36.80599701
-121.8090795,36.80597495
-121.8091946,36.80598207
-121.8092389,36.80600262
-121.8087087,36.80592867
-121.8088024,36.80593088
-121.8088718,36.80599701
-121.8090795,36.80597495
-121.8091946,36.80598207
-121.8092389,36.80600262
-121.8087087,36.80592867
-121.8088024,36.80593088
-121.8088718,36.80599701
-121.8090795,36.80597495
-121.8091946,36.80598207
-121.8092389,36.80600262
-121.8093063,36.80603948
-121.8093631,36.80606863
-121.8094763,36.80613942
-121.8096027,36.80609794
-121.8097302,36.8060583
-121.8098603,36.8060294
-121.8093063,36.80603948
-121.8093631,36.80606863
-121.8094763,36.80613942
-121.8096027,36.80609794
-121.8097302,36.8060583
-121.8098603,36.8060294
-121.8093063,36.80603948
-121.8093631,36.80606863
-121.8094763,36.80613942
-121.8096027,36.80609794
-121.8097302,36.8060583
-121.8098603,36.8060294
-121.8093063,36.80603948
-121.8093631,36.80606863
-121.8094763,36.80613942
-121.8096027,36.80609794
-121.8097302,36.8060583
-121.8098603,36.8060294
-121.8093063,36.80603948
-121.8093631,36.80606863
-121.8094763,36.80613942
-121.8096027,36.80609794
-121.8097302,36.8060583
-121.8098603,36.8060294
-121.8093063,36.80603948
-121.8093631,36.80606863
-121.8094763,36.80613942
-121.8096027,36.80609794
-121.8097302,36.8060583
-121.8098603,36.8060294
-121.8099777,36.80603168
-121.8100245,36.80608835
-121.8101957,36.80614787
-121.8102137,36.80617428
-121.8102094,36.80611032
-121.810248,36.80604998
-121.8099777,36.80603168
-121.8100245,36.80608835
-121.8101957,36.80614787
-121.8102137,36.80617428
-121.8102094,36.80611032
-121.810248,36.80604998
-121.8099777,36.80603168
-121.8100245,36.80608835
-121.8101957,36.80614787
-121.8102137,36.80617428
-121.8102094,36.80611032
-121.810248,36.80604998
-121.8099777,36.80603168
-121.8100245,36.80608835
-121.8101957,36.80614787
-121.8102137,36.80617428
-121.8102094,36.80611032
-121.810248,36.80604998
-121.8099777,36.80603168
-121.8100245,36.80608835
-121.8101957,36.80614787
-121.8102137,36.80617428
-121.8102094,36.80611032
-121.810248,36.80604998
-121.8099777,36.80603168
-121.8100245,36.80608835
-121.8101957,36.80614787
-121.8102137,36.80617428
-121.8102094,36.80611032
-121.810248,36.80604998
-121.810311,36.80605963
-121.8102655,36.80595352
-121.8102114,36.80591633
-121.8101582,36.80582964
-121.8101879,36.80578753
-121.8101281,36.80574797
-121.810311,36.80605963
-121.8102655,36.80595352
-121.8102114,36.80591633
-121.8101582,36.80582964
-121.8101879,36.80578753
-121.8101281,36.80574797
-121.810311,36.80605963
-121.8102655,36.80595352
-121.8102114,36.80591633
-121.8101582,36.80582964
-121.8101879,36.80578753
-121.8101281,36.80574797
-121.810311,36.80605963
-121.8102655,36.80595352
-121.8102114,36.80591633
-121.8101582,36.80582964
-121.8101879,36.80578753
-121.8101281,36.80574797
-121.810311,36.80605963
-121.8102655,36.80595352
-121.8102114,36.80591633
-121.8101582,36.80582964
-121.8101879,36.80578753
-121.8101281,36.80574797
-121.810311,36.80605963
-121.8102655,36.80595352
-121.8102114,36.80591633
-121.8101582,36.80582964
-121.8101879,36.80578753
-121.8101281,36.80574797
-121.8100703,36.80570655
-121.8100772,36.80570451
-121.81009,36.80569882
-121.8100438,36.80570367
-121.8100445,36.8057323
-121.8100821,36.80577804
-121.8100703,36.80570655
-121.8100772,36.80570451
-121.81009,36.80569882
-121.8100438,36.80570367
-121.8100445,36.8057323
-121.8100821,36.80577804
-121.8100703,36.80570655
-121.8100772,36.80570451
-121.81009,36.80569882
-121.8100438,36.80570367
-121.8100445,36.8057323
-121.8100821,36.80577804
-121.8100703,36.80570655
-121.8100772,36.80570451
-121.81009,36.80569882
-121.8100438,36.80570367
-121.8100445,36.8057323
-121.8100821,36.80577804
-121.8100703,36.80570655
-121.8100772,36.80570451
-121.81009,36.80569882
-121.8100438,36.80570367
-121.8100445,36.8057323
-121.8100821,36.80577804
-121.8100703,36.80570655
-121.8100772,36.80570451
-121.81009,36.80569882
-121.8100438,36.80570367
-121.8100445,36.8057323
-121.8100821,36.80577804
-121.810118,36.80580268
-121.8100206,36.80578363
-121.8100196,36.80573773
-121.8101228,36.80571017
-121.8102312,36.80568371
-121.8102914,36.80563674
-121.810118,36.80580268
-121.8100206,36.80578363
-121.8100196,36.80573773
-121.8101228,36.80571017
-121.8102312,36.80568371
-121.8102914,36.80563674
-121.810118,36.80580268
-121.8100206,36.80578363
-121.8100196,36.80573773
-121.8101228,36.80571017
-121.8102312,36.80568371
-121.8102914,36.80563674
-121.810118,36.80580268
-121.8100206,36.80578363
-121.8100196,36.80573773
-121.8101228,36.80571017
-121.8102312,36.80568371
-121.8102914,36.80563674
-121.810118,36.80580268
-121.8100206,36.80578363
-121.8100196,36.80573773
-121.8101228,36.80571017
-121.8102312,36.80568371
-121.8102914,36.80563674
-121.810118,36.80580268
-121.8100206,36.80578363
-121.8100196,36.80573773
-121.8101228,36.80571017
-121.8102312,36.80568371
-121.8102914,36.80563674
-121.8103467,36.80559005
-121.8103786,36.80556569
-121.8103598,36.80553831
-121.8103743,36.80553795
-121.8104907,36.80555011
-121.8106419,36.80554013
-121.8103467,36.80559005
-121.8103786,36.80556569
-121.8103598,36.80553831
-121.8103743,36.80553795
-121.8104907,36.80555011
-121.8106419,36.80554013
-121.8103467,36.80559005
-121.8103786,36.80556569
-121.8103598,36.80553831
-121.8103743,36.80553795
-121.8104907,36.80555011
-121.8106419,36.80554013
-121.8103467,36.80559005
-121.8103786,36.80556569
-121.8103598,36.80553831
-121.8103743,36.80553795
-121.8104907,36.80555011
-121.8106419,36.80554013
-121.8103467,36.80559005
-121.8103786,36.80556569
-121.8103598,36.80553831
-121.8103743,36.80553795
-121.8104907,36.80555011
-121.8106419,36.80554013
-121.8103467,36.80559005
-121.8103786,36.80556569
-121.8103598,36.80553831
-121.8103743,36.80553795
-121.8104907,36.80555011
-121.8106419,36.80554013
-121.8106909,36.80546966
-121.8108336,36.8055354
-121.8109114,36.80553955
-121.8109195,36.80550835
-121.8109484,36.80548674
-121.8108478,36.80541076
-121.8106909,36.80546966
-121.8108336,36.8055354
-121.8109114,36.80553955
-121.8109195,36.80550835
-121.8109484,36.80548674
-121.8108478,36.80541076
-121.8106909,36.80546966
-121.8108336,36.8055354
-121.8109114,36.80553955
-121.8109195,36.80550835
-121.8109484,36.80548674
-121.8108478,36.80541076
-121.8106909,36.80546966
-121.8108336,36.8055354
-121.8109114,36.80553955
-121.8109195,36.80550835
-121.8109484,36.80548674
-121.8108478,36.80541076
-121.8106909,36.80546966
-121.8108336,36.8055354
-121.8109114,36.80553955
-121.8109195,36.80550835
-121.8109484,36.80548674
-121.8108478,36.80541076
-121.8106909,36.80546966
-121.8108336,36.8055354
-121.8109114,36.80553955
-121.8109195,36.80550835
-121.8109484,36.80548674
-121.8108478,36.80541076
-121.8108771,36.80541015
-121.8109937,36.80537697
-121.8110128,36.80526209
-121.8110234,36.80520187
-121.811043,36.80518147
-121.8110857,36.80515623
-121.8108771,36.80541015
-121.8109937,36.80537697
-121.8110128,36.80526209
-121.8110234,36.80520187
-121.811043,36.80518147
-121.8110857,36.80515623
-121.8108771,36.80541015
-121.8109937,36.80537697
-121.8110128,36.80526209
-121.8110234,36.80520187
-121.811043,36.80518147
-121.8110857,36.80515623
-121.8108771,36.80541015
-121.8109937,36.80537697
-121.8110128,36.80526209
-121.8110234,36.80520187
-121.811043,36.80518147
-121.8110857,36.80515623
-121.8108771,36.80541015
-121.8109937,36.80537697
-121.8110128,36.80526209
-121.8110234,36.80520187
-121.811043,36.80518147
-121.8110857,36.80515623
-121.8108771,36.80541015
-121.8109937,36.80537697
-121.8110128,36.80526209
-121.8110234,36.80520187
-121.811043,36.80518147
-121.8110857,36.80515623
-121.8111711,36.80514337
-121.811201,36.80518067
-121.8113585,36.80521822
-121.8113598,36.80529534
-121.8113253,36.80533347
-121.8112849,36.80536169
-121.8111711,36.80514337
-121.811201,36.80518067
-121.8113585,36.80521822
-121.8113598,36.80529534
-121.8113253,36.80533347
-121.8112849,36.80536169
-121.8111711,36.80514337
-121.811201,36.80518067
-121.8113585,36.80521822
-121.8113598,36.80529534
-121.8113253,36.80533347
-121.8112849,36.80536169
-121.8111711,36.80514337
-121.811201,36.80518067
-121.8113585,36.80521822
-121.8113598,36.80529534
-121.8113253,36.80533347
-121.8112849,36.80536169
-121.8111711,36.80514337
-121.811201,36.80518067
-121.8113585,36.80521822
-121.8113598,36.80529534
-121.8113253,36.80533347
-121.8112849,36.80536169
-121.8111711,36.80514337
-121.811201,36.80518067
-121.8113585,36.80521822
-121.8113598,36.80529534
-121.8113253,36.80533347
-121.8112849,36.80536169
-121.8112904,36.80535199
-121.8113188,36.80533118
-121.8113753,36.80528138
-121.8114898,36.80532471
-121.811629,36.80534344
-121.811769,36.8053557
-121.8112904,36.80535199
-121.8113188,36.80533118
-121.8113753,36.80528138
-121.8114898,36.80532471
-121.811629,36.80534344
-121.811769,36.8053557
-121.8112904,36.80535199
-121.8113188,36.80533118
-121.8113753,36.80528138
-121.8114898,36.80532471
-121.811629,36.80534344
-121.811769,36.8053557
-121.8112904,36.80535199
-121.8113188,36.80533118
-121.8113753,36.80528138
-121.8114898,36.80532471
-121.811629,36.80534344
-121.811769,36.8053557
-121.8112904,36.80535199
-121.8113188,36.80533118
-121.8113753,36.80528138
-121.8114898,36.80532471
-121.811629,36.80534344
-121.811769,36.8053557
-121.8112904,36.80535199
-121.8113188,36.80533118
-121.8113753,36.80528138
-121.8114898,36.80532471
-121.811629,36.80534344
-121.811769,36.8053557
-121.8117626,36.80537768
-121.8118535,36.80530646
-121.8118734,36.8052401
-121.8117638,36.80521156
-121.8116907,36.80523026
-121.8118576,36.80521028
-121.8117626,36.80537768
-121.8118535,36.80530646
-121.8118734,36.8052401
-121.8117638,36.80521156
-121.8116907,36.80523026
-121.8118576,36.80521028
-121.8117626,36.80537768
-121.8118535,36.80530646
-121.8118734,36.8052401
-121.8117638,36.80521156
-121.8116907,36.80523026
-121.8118576,36.80521028
-121.8117626,36.80537768
-121.8118535,36.80530646
-121.8118734,36.8052401
-121.8117638,36.80521156
-121.8116907,36.80523026
-121.8118576,36.80521028
-121.8117626,36.80537768
-121.8118535,36.80530646
-121.8118734,36.8052401
-121.8117638,36.80521156
-121.8116907,36.80523026
-121.8118576,36.80521028
-121.8117626,36.80537768
-121.8118535,36.80530646
-121.8118734,36.8052401
-121.8117638,36.80521156
-121.8116907,36.80523026
-121.8118576,36.80521028
-121.8119761,36.80512571
-121.8121001,36.80505935
-121.8122156,36.80503323
-121.8122173,36.80498016
-121.8122907,36.80499576
-121.8126429,36.80498856
-121.8119761,36.80512571
-121.8121001,36.80505935
-121.8122156,36.80503323
-121.8122173,36.80498016
-121.8122907,36.80499576
-121.8126429,36.80498856
-121.8119761,36.80512571
-121.8121001,36.80505935
-121.8122156,36.80503323
-121.8122173,36.80498016
-121.8122907,36.80499576
-121.8126429,36.80498856
-121.8119761,36.80512571
-121.8121001,36.80505935
-121.8122156,36.80503323
-121.8122173,36.80498016
-121.8122907,36.80499576
-121.8126429,36.80498856
-121.8119761,36.80512571
-121.8121001,36.80505935
-121.8122156,36.80503323
-121.8122173,36.80498016
-121.8122907,36.80499576
-121.8126429,36.80498856
-121.8119761,36.80512571
-121.8121001,36.80505935
-121.8122156,36.80503323
-121.8122173,36.80498016
-121.8122907,36.80499576
-121.8126429,36.80498856
-121.8127328,36.80499991
-121.8126676,36.80492349
-121.812664,36.80479263
-121.8126567,36.80474889
-121.8126607,36.80475397
-121.8126696,36.80472334
-121.8127328,36.80499991
-121.8126676,36.80492349
-121.812664,36.80479263
-121.8126567,36.80474889
-121.8126607,36.80475397
-121.8126696,36.80472334
-121.8127328,36.80499991
-121.8126676,36.80492349
-121.812664,36.80479263
-121.8126567,36.80474889
-121.8126607,36.80475397
-121.8126696,36.80472334
-121.8127328,36.80499991
-121.8126676,36.80492349
-121.812664,36.80479263
-121.8126567,36.80474889
-121.8126607,36.80475397
-121.8126696,36.80472334
-121.8127328,36.80499991
-121.8126676,36.80492349
-121.812664,36.80479263
-121.8126567,36.80474889
-121.8126607,36.80475397
-121.8126696,36.80472334
-121.8127328,36.80499991
-121.8126676,36.80492349
-121.812664,36.80479263
-121.8126567,36.80474889
-121.8126607,36.80475397
-121.8126696,36.80472334
-121.8126659,36.80464791
-121.812668,36.80465405
-121.8125808,36.80464473
-121.8125443,36.80457678
-121.8125464,36.80451644
-121.8125317,36.80453477
-121.8126659,36.80464791
-121.812668,36.80465405
-121.8125808,36.80464473
-121.8125443,36.80457678
-121.8125464,36.80451644
-121.8125317,36.80453477
-121.8126659,36.80464791
-121.812668,36.80465405
-121.8125808,36.80464473
-121.8125443,36.80457678
-121.8125464,36.80451644
-121.8125317,36.80453477
-121.8126659,36.80464791
-121.812668,36.80465405
-121.8125808,36.80464473
-121.8125443,36.80457678
-121.8125464,36.80451644
-121.8125317,36.80453477
-121.8126659,36.80464791
-121.812668,36.80465405
-121.8125808,36.80464473
-121.8125443,36.80457678
-121.8125464,36.80451644
-121.8125317,36.80453477
-121.8126659,36.80464791
-121.812668,36.80465405
-121.8125808,36.80464473
-121.8125443,36.80457678
-121.8125464,36.80451644
-121.8125317,36.80453477
-121.8125366,36.80455814
-121.812455,36.80452994
-121.8123951,36.80447619
-121.8123635,36.80442473
-121.8123232,36.80440083
-121.8123341,36.80439013
-121.8125366,36.80455814
-121.812455,36.80452994
-121.8123951,36.80447619
-121.8123635,36.80442473
-121.8123232,36.80440083
-121.8123341,36.80439013
-121.8125366,36.80455814
-121.812455,36.80452994
-121.8123951,36.80447619
-121.8123635,36.80442473
-121.8123232,36.80440083
-121.8123341,36.80439013
-121.8125366,36.80455814
-121.812455,36.80452994
-121.8123951,36.80447619
-121.8123635,36.80442473
-121.8123232,36.80440083
-121.8123341,36.80439013
-121.8125366,36.80455814
-121.812455,36.80452994
-121.8123951,36.80447619
-121.8123635,36.80442473
-121.8123232,36.80440083
-121.8123341,36.80439013
-121.8125366,36.80455814
-121.812455,36.80452994
-121.8123951,36.80447619
-121.8123635,36.80442473
-121.8123232,36.80440083
-121.8123341,36.80439013
-121.8123069,36.8043142
-121.8121474,36.80428175
-121.8121251,36.80423223
-121.8121257,36.80414437
-121.8120369,36.80402901
-121.8120841,36.80394181
-121.8123069,36.8043142
-121.8121474,36.80428175
-121.8121251,36.80423223
-121.8121257,36.80414437
-121.8120369,36.80402901
-121.8120841,36.80394181
-121.8123069,36.8043142
-121.8121474,36.80428175
-121.8121251,36.80423223
-121.8121257,36.80414437
-121.8120369,36.80402901
-121.8120841,36.80394181
-121.8123069,36.8043142
-121.8121474,36.80428175
-121.8121251,36.80423223
-121.8121257,36.80414437
-121.8120369,36.80402901
-121.8120841,36.80394181
-121.8123069,36.8043142
-121.8121474,36.80428175
-121.8121251,36.80423223
-121.8121257,36.80414437
-121.8120369,36.80402901
-121.8120841,36.80394181
-121.8123069,36.8043142
-121.8121474,36.80428175
-121.8121251,36.80423223
-121.8121257,36.80414437
-121.8120369,36.80402901
-121.8120841,36.80394181
-121.812102,36.80386213
-121.8120376,36.80384242
-121.811931,36.80386233
-121.8118577,36.8038625
-121.8118626,36.80380552
-121.811866,36.80365507
-121.812102,36.80386213
-121.8120376,36.80384242
-121.811931,36.80386233
-121.8118577,36.8038625
-121.8118626,36.80380552
-121.811866,36.80365507
-121.812102,36.80386213
-121.8120376,36.80384242
-121.811931,36.80386233
-121.8118577,36.8038625
-121.8118626,36.80380552
-121.811866,36.80365507
-121.812102,36.80386213
-121.8120376,36.80384242
-121.811931,36.80386233
-121.8118577,36.8038625
-121.8118626,36.80380552
-121.811866,36.80365507
-121.812102,36.80386213
-121.8120376,36.80384242
-121.811931,36.80386233
-121.8118577,36.8038625
-121.8118626,36.80380552
-121.811866,36.80365507
-121.812102,36.80386213
-121.8120376,36.80384242
-121.811931,36.80386233
-121.8118577,36.8038625
-121.8118626,36.80380552
-121.811866,36.80365507
-121.811856,36.8035577
-121.8118393,36.80351537
-121.8117943,36.80350571
-121.8117577,36.80349443
-121.8117167,36.80345364
-121.8115557,36.80342232
-121.811856,36.8035577
-121.8118393,36.80351537
-121.8117943,36.80350571
-121.8117577,36.80349443
-121.8117167,36.80345364
-121.8115557,36.80342232
-121.811856,36.8035577
-121.8118393,36.80351537
-121.8117943,36.80350571
-121.8117577,36.80349443
-121.8117167,36.80345364
-121.8115557,36.80342232
-121.811856,36.8035577
-121.8118393,36.80351537
-121.8117943,36.80350571
-121.8117577,36.80349443
-121.8117167,36.80345364
-121.8115557,36.80342232
-121.811856,36.8035577
-121.8118393,36.80351537
-121.8117943,36.80350571
-121.8117577,36.80349443
-121.8117167,36.80345364
-121.8115557,36.80342232
-121.811856,36.8035577
-121.8118393,36.80351537
-121.8117943,36.80350571
-121.8117577,36.80349443
-121.8117167,36.80345364
-121.8115557,36.80342232
-121.8114392,36.80339156
-121.811477,36.80342211
-121.8114066,36.80346515
-121.8113678,36.80346598
-121.8113828,36.80340216
-121.8113843,36.80332052
-121.8114392,36.80339156
-121.811477,36.80342211
-121.8114066,36.80346515
-121.8113678,36.80346598
-121.8113828,36.80340216
-121.8113843,36.80332052
-121.8114392,36.80339156
-121.811477,36.80342211
-121.8114066,36.80346515
-121.8113678,36.80346598
-121.8113828,36.80340216
-121.8113843,36.80332052
-121.8114392,36.80339156
-121.811477,36.80342211
-121.8114066,36.80346515
-121.8113678,36.80346598
-121.8113828,36.80340216
-121.8113843,36.80332052
-121.8114392,36.80339156
-121.811477,36.80342211
-121.8114066,36.80346515
-121.8113678,36.80346598
-121.8113828,36.80340216
-121.8113843,36.80332052
-121.8114392,36.80339156
-121.811477,36.80342211
-121.8114066,36.80346515
-121.8113678,36.80346598
-121.8113828,36.80340216
-121.8113843,36.80332052
-121.8113835,36.8032929
-121.8114768,36.80326174
-121.811547,36.80323861
-121.8115839,36.80320363
-121.8115951,36.80315761
-121.8115836,36.80312205
-121.8113835,36.8032929
-121.8114768,36.80326174
-121.811547,36.80323861
-121.8115839,36.80320363
-121.8115951,36.80315761
-121.8115836,36.80312205
-121.8113835,36.8032929
-121.8114768,36.80326174
-121.811547,36.80323861
-121.8115839,36.80320363
-121.8115951,36.80315761
-121.8115836,36.80312205
-121.8113835,36.8032929
-121.8114768,36.80326174
-121.811547,36.80323861
-121.8115839,36.80320363
-121.8115951,36.80315761
-121.8115836,36.80312205
-121.8113835,36.8032929
-121.8114768,36.80326174
-121.811547,36.80323861
-121.8115839,36.80320363
-121.8115951,36.80315761
-121.8115836,36.80312205
-121.8113835,36.8032929
-121.8114768,36.80326174
-121.811547,36.80323861
-121.8115839,36.80320363
-121.8115951,36.80315761
-121.8115836,36.80312205
-121.811612,36.80313729
-121.8116094,36.80314266
-121.8115766,36.80312666
-121.8115242,36.80311722
-121.811457,36.80313458
-121.8113063,36.80314466
-121.811612,36.80313729
-121.8116094,36.80314266
-121.8115766,36.80312666
-121.8115242,36.80311722
-121.811457,36.80313458
-121.8113063,36.80314466
-121.811612,36.80313729
-121.8116094,36.80314266
-121.8115766,36.80312666
-121.8115242,36.80311722
-121.811457,36.80313458
-121.8113063,36.80314466
-121.811612,36.80313729
-121.8116094,36.80314266
-121.8115766,36.80312666
-121.8115242,36.80311722
-121.811457,36.80313458
-121.8113063,36.80314466
-121.811612,36.80313729
-121.8116094,36.80314266
-121.8115766,36.80312666
-121.8115242,36.80311722
-121.811457,36.80313458
-121.8113063,36.80314466
-121.811612,36.80313729
-121.8116094,36.80314266
-121.8115766,36.80312666
-121.8115242,36.80311722
-121.811457,36.80313458
-121.8113063,36.80314466
-121.8112683,36.80309331
-121.8112649,36.80308184
-121.8112265,36.80303919
-121.8111696,36.80299805
-121.811113,36.8029951
-121.810894,36.80301034
-121.8112683,36.80309331
-121.8112649,36.80308184
-121.8112265,36.80303919
-121.8111696,36.80299805
-121.811113,36.8029951
-121.810894,36.80301034
-121.8112683,36.80309331
-121.8112649,36.80308184
-121.8112265,36.80303919
-121.8111696,36.80299805
-121.811113,36.8029951
-121.810894,36.80301034
-121.8112683,36.80309331
-121.8112649,36.80308184
-121.8112265,36.80303919
-121.8111696,36.80299805
-121.811113,36.8029951
-121.810894,36.80301034
-121.8112683,36.80309331
-121.8112649,36.80308184
-121.8112265,36.80303919
-121.8111696,36.80299805
-121.811113,36.8029951
-121.810894,36.80301034
-121.8112683,36.80309331
-121.8112649,36.80308184
-121.8112265,36.80303919
-121.8111696,36.80299805
-121.811113,36.8029951
-121.810894,36.80301034
-121.8108626,36.80297207
-121.8107403,36.80295178
-121.8106548,36.8029337
-121.810627,36.80291268
-121.8106406,36.80289035
-121.8107564,36.80293405
-121.8108626,36.80297207
-121.8107403,36.80295178
-121.8106548,36.8029337
-121.810627,36.80291268
-121.8106406,36.80289035
-121.8107564,36.80293405
-121.8108626,36.80297207
-121.8107403,36.80295178
-121.8106548,36.8029337
-121.810627,36.80291268
-121.8106406,36.80289035
-121.8107564,36.80293405
-121.8108626,36.80297207
-121.8107403,36.80295178
-121.8106548,36.8029337
-121.810627,36.80291268
-121.8106406,36.80289035
-121.8107564,36.80293405
-121.8108626,36.80297207
-121.8107403,36.80295178
-121.8106548,36.8029337
-121.810627,36.80291268
-121.8106406,36.80289035
-121.8107564,36.80293405
-121.8108626,36.80297207
-121.8107403,36.80295178
-121.8106548,36.8029337
-121.810627,36.80291268
-121.8106406,36.80289035
-121.8107564,36.80293405
-121.8107788,36.80290007
-121.8107764,36.80288348
-121.8107059,36.80288269
-121.8106521,36.80289973
-121.8106554,36.80289957
-121.8106223,36.80292443
-121.8107788,36.80290007
-121.8107764,36.80288348
-121.8107059,36.80288269
-121.8106521,36.80289973
-121.8106554,36.80289957
-121.8106223,36.80292443
-121.8107788,36.80290007
-121.8107764,36.80288348
-121.8107059,36.80288269
-121.8106521,36.80289973
-121.8106554,36.80289957
-121.8106223,36.80292443
-121.8107788,36.80290007
-121.8107764,36.80288348
-121.8107059,36.80288269
-121.8106521,36.80289973
-121.8106554,36.80289957
-121.8106223,36.80292443
-121.8107788,36.80290007
-121.8107764,36.80288348
-121.8107059,36.80288269
-121.8106521,36.80289973
-121.8106554,36.80289957
-121.8106223,36.80292443
-121.8107788,36.80290007
-121.8107764,36.80288348
-121.8107059,36.80288269
-121.8106521,36.80289973
-121.8106554,36.80289957
-121.8106223,36.80292443
-121.8104715,36.80284771
-121.8104223,36.80279294
-121.8104185,36.80278185
-121.8103436,36.8027913
-121.8101937,36.80282341
-121.810192,36.80279738
-121.8104715,36.80284771
-121.8104223,36.80279294
-121.8104185,36.80278185
-121.8103436,36.8027913
-121.8101937,36.80282341
-121.810192,36.80279738
-121.8104715,36.80284771
-121.8104223,36.80279294
-121.8104185,36.80278185
-121.8103436,36.8027913
-121.8101937,36.80282341
-121.810192,36.80279738
-121.8104715,36.80284771
-121.8104223,36.80279294
-121.8104185,36.80278185
-121.8103436,36.8027913
-121.8101937,36.80282341
-121.810192,36.80279738
-121.8104715,36.80284771
-121.8104223,36.80279294
-121.8104185,36.80278185
-121.8103436,36.8027913
-121.8101937,36.80282341
-121.810192,36.80279738
-121.8104715,36.80284771
-121.8104223,36.80279294
-121.8104185,36.80278185
-121.8103436,36.8027913
-121.8101937,36.80282341
-121.810192,36.80279738
-121.8102338,36.80282373
-121.8103082,36.80281831
-121.8103262,36.80274848
-121.810335,36.80266976
-121.8102978,36.80261171
-121.8102656,36.80257325
-121.8102338,36.80282373
-121.8103082,36.80281831
-121.8103262,36.80274848
-121.810335,36.80266976
-121.8102978,36.80261171
-121.8102656,36.80257325
-121.8102338,36.80282373
-121.8103082,36.80281831
-121.8103262,36.80274848
-121.810335,36.80266976
-121.8102978,36.80261171
-121.8102656,36.80257325
-121.8102338,36.80282373
-121.8103082,36.80281831
-121.8103262,36.80274848
-121.810335,36.80266976
-121.8102978,36.80261171
-121.8102656,36.80257325
-121.8102338,36.80282373
-121.8103082,36.80281831
-121.8103262,36.80274848
-121.810335,36.80266976
-121.8102978,36.80261171
-121.8102656,36.80257325
-121.8102338,36.80282373
-121.8103082,36.80281831
-121.8103262,36.80274848
-121.810335,36.80266976
-121.8102978,36.80261171
-121.8102656,36.80257325
-121.8102259,36.80258751
-121.8101494,36.80255799
-121.8100929,36.80249934
-121.8100708,36.80242333
-121.810032,36.80235508
-121.8100039,36.80230519
-121.8102259,36.80258751
-121.8101494,36.80255799
-121.8100929,36.80249934
-121.8100708,36.80242333
-121.810032,36.80235508
-121.8100039,36.80230519
-121.8102259,36.80258751
-121.8101494,36.80255799
-121.8100929,36.80249934
-121.8100708,36.80242333
-121.810032,36.80235508
-121.8100039,36.80230519
-121.8102259,36.80258751
-121.8101494,36.80255799
-121.8100929,36.80249934
-121.8100708,36.80242333
-121.810032,36.80235508
-121.8100039,36.80230519
-121.8102259,36.80258751
-121.8101494,36.80255799
-121.8100929,36.80249934
-121.8100708,36.80242333
-121.810032,36.80235508
-121.8100039,36.80230519
-121.8102259,36.80258751
-121.8101494,36.80255799
-121.8100929,36.80249934
-121.8100708,36.80242333
-121.810032,36.80235508
-121.8100039,36.80230519
-121.8099909,36.8022807
-121.8098242,36.80221956
-121.8097719,36.80215976
-121.8098092,36.8021189
-121.809826,36.80207701
-121.8097931,36.80204149
-121.8099909,36.8022807
-121.8098242,36.80221956
-121.8097719,36.80215976
-121.8098092,36.8021189
-121.809826,36.80207701
-121.8097931,36.80204149
-121.8099909,36.8022807
-121.8098242,36.80221956
-121.8097719,36.80215976
-121.8098092,36.8021189
-121.809826,36.80207701
-121.8097931,36.80204149
-121.8099909,36.8022807
-121.8098242,36.80221956
-121.8097719,36.80215976
-121.8098092,36.8021189
-121.809826,36.80207701
-121.8097931,36.80204149
-121.8099909,36.8022807
-121.8098242,36.80221956
-121.8097719,36.80215976
-121.8098092,36.8021189
-121.809826,36.80207701
-121.8097931,36.80204149
-121.8099909,36.8022807
-121.8098242,36.80221956
-121.8097719,36.80215976
-121.8098092,36.8021189
-121.809826,36.80207701
-121.8097931,36.80204149
-121.8097879,36.80198738
-121.8097618,36.80195355
-121.8097566,36.80192456
-121.8097586,36.80192752
-121.8097691,36.80196765
-121.8607848,36.78558724
-121.8097879,36.80198738
-121.8097618,36.80195355
-121.8097566,36.80192456
-121.8097586,36.80192752
-121.8097691,36.80196765
-121.8607848,36.78558724
-121.8097879,36.80198738
-121.8097618,36.80195355
-121.8097566,36.80192456
-121.8097586,36.80192752
-121.8097691,36.80196765
-121.8607848,36.78558724
-121.8097879,36.80198738
-121.8097618,36.80195355
-121.8097566,36.80192456
-121.8097586,36.80192752
-121.8097691,36.80196765
-121.8607848,36.78558724
-121.8097879,36.80198738
-121.8097618,36.80195355
-121.8097566,36.80192456
-121.8097586,36.80192752
-121.8097691,36.80196765
-121.8607848,36.78558724
-121.8097879,36.80198738
-121.8097618,36.80195355
-121.8097566,36.80192456
-121.8097586,36.80192752
-121.8097691,36.80196765
-121.8607848,36.78558724
-121.8607474,36.78555408
-121.8607636,36.78559373
-121.8607474,36.78555408
-121.8607636,36.78559373
-121.8607165,36.78556428
-121.8606546,36.78550468
-121.8606111,36.78549138
-121.8606061,36.78550412
-121.8607474,36.78555408
-121.8607636,36.78559373
-121.8607165,36.78556428
-121.8606546,36.78550468
-121.8606111,36.78549138
-121.8606061,36.78550412
-121.8607474,36.78555408
-121.8607636,36.78559373
-121.8607474,36.78555408
-121.8607636,36.78559373
-121.8607474,36.78555408
-121.8607636,36.78559373
-121.8605273,36.78550491
-121.8604173,36.78539832
-121.8604761,36.78537494
-121.8605934,36.78537666
-121.8606695,36.7853504
-121.8607042,36.78537171
-121.8605273,36.78550491
-121.8604173,36.78539832
-121.8604761,36.78537494
-121.8605934,36.78537666
-121.8606695,36.7853504
-121.8607042,36.78537171
-121.8607473,36.78547009
-121.860783,36.78545858
-121.860775,36.78545323
-121.8607077,36.78543959
-121.8606341,36.78537044
-121.8605901,36.78529672
-121.8607473,36.78547009
-121.860783,36.78545858
-121.860775,36.78545323
-121.8607077,36.78543959
-121.8606341,36.78537044
-121.8605901,36.78529672
-121.8604304,36.78532837
-121.8604056,36.7853522
-121.860392,36.78536577
-121.8603895,36.78538373
-121.8604331,36.78542152
-121.8605025,36.78530098
-121.8604304,36.78532837
-121.8604056,36.7853522
-121.860392,36.78536577
-121.8603895,36.78538373
-121.8604331,36.78542152
-121.8605025,36.78530098
-121.8604304,36.78532837
-121.8604056,36.7853522
-121.860392,36.78536577
-121.8603895,36.78538373
-121.8604331,36.78542152
-121.8604304,36.78532837
-121.8604056,36.7853522
-121.860392,36.78536577
-121.8603895,36.78538373
-121.8604331,36.78542152
-121.8604304,36.78532837
-121.8604056,36.7853522
-121.860392,36.78536577
-121.8603895,36.78538373
-121.8604331,36.78542152
-121.8604304,36.78532837
-121.8604056,36.7853522
-121.860392,36.78536577
-121.8603895,36.78538373
-121.8604331,36.78542152
-121.8604306,36.78536823
-121.8604662,36.78536228
-121.8604809,36.78533593
-121.8604847,36.78529225
-121.8604716,36.78525498
-121.8604189,36.78525029
-121.8604306,36.78536823
-121.8604662,36.78536228
-121.8604809,36.78533593
-121.8604847,36.78529225
-121.8604716,36.78525498
-121.8604189,36.78525029
-121.8604306,36.78536823
-121.8604662,36.78536228
-121.8604809,36.78533593
-121.8604847,36.78529225
-121.8604716,36.78525498
-121.8604189,36.78525029
-121.8604306,36.78536823
-121.8604662,36.78536228
-121.8604809,36.78533593
-121.8604847,36.78529225
-121.8604716,36.78525498
-121.8604189,36.78525029
-121.8604306,36.78536823
-121.8604662,36.78536228
-121.8604809,36.78533593
-121.8604847,36.78529225
-121.8604716,36.78525498
-121.8604189,36.78525029
-121.8604306,36.78536823
-121.8604662,36.78536228
-121.8604809,36.78533593
-121.8604847,36.78529225
-121.8604716,36.78525498
-121.8604189,36.78525029
-121.8604214,36.78526616
-121.860414,36.78528983
-121.8603589,36.78527598
-121.860329,36.78525206
-121.8601684,36.78498362
-121.8601722,36.78495311
-121.8604214,36.78526616
-121.860414,36.78528983
-121.8603589,36.78527598
-121.860329,36.78525206
-121.8601684,36.78498362
-121.8601722,36.78495311
-121.8604214,36.78526616
-121.860414,36.78528983
-121.8603589,36.78527598
-121.860329,36.78525206
-121.8601684,36.78498362
-121.8601722,36.78495311
-121.8604214,36.78526616
-121.860414,36.78528983
-121.8603589,36.78527598
-121.860329,36.78525206
-121.8601684,36.78498362
-121.8601722,36.78495311
-121.8604214,36.78526616
-121.860414,36.78528983
-121.8603589,36.78527598
-121.860329,36.78525206
-121.8601684,36.78498362
-121.8601722,36.78495311
-121.8604214,36.78526616
-121.860414,36.78528983
-121.8603589,36.78527598
-121.860329,36.78525206
-121.8601684,36.78498362
-121.8601722,36.78495311
-121.8601761,36.7849226
-121.8602186,36.78482069
-121.8601986,36.78480294
-121.8602018,36.78483134
-121.8602497,36.78485217
-121.8602851,36.78488067
-121.8601761,36.7849226
-121.8602186,36.78482069
-121.8601986,36.78480294
-121.8602018,36.78483134
-121.8602497,36.78485217
-121.8602851,36.78488067
-121.8601761,36.7849226
-121.8602186,36.78482069
-121.8601986,36.78480294
-121.8602018,36.78483134
-121.8602497,36.78485217
-121.8602851,36.78488067
-121.8601761,36.7849226
-121.8602186,36.78482069
-121.8601986,36.78480294
-121.8602018,36.78483134
-121.8602497,36.78485217
-121.8602851,36.78488067
-121.8601761,36.7849226
-121.8602186,36.78482069
-121.8601986,36.78480294
-121.8602018,36.78483134
-121.8602497,36.78485217
-121.8602851,36.78488067
-121.8601761,36.7849226
-121.8602186,36.78482069
-121.8601986,36.78480294
-121.8602018,36.78483134
-121.8602497,36.78485217
-121.8602851,36.78488067
-121.8603315,36.78490946
-121.8602917,36.78490215
-121.8602696,36.7848748
-121.8602414,36.78485063
-121.8602205,36.78483406
-121.8602489,36.78483778
-121.8603315,36.78490946
-121.8602917,36.78490215
-121.8602696,36.7848748
-121.8602414,36.78485063
-121.8602205,36.78483406
-121.8602489,36.78483778
-121.8603315,36.78490946
-121.8602917,36.78490215
-121.8602696,36.7848748
-121.8602414,36.78485063
-121.8602205,36.78483406
-121.8602489,36.78483778
-121.8603315,36.78490946
-121.8602917,36.78490215
-121.8602696,36.7848748
-121.8602414,36.78485063
-121.8602205,36.78483406
-121.8602489,36.78483778
-121.8603315,36.78490946
-121.8602917,36.78490215
-121.8602696,36.7848748
-121.8602414,36.78485063
-121.8602205,36.78483406
-121.8602489,36.78483778
-121.8603315,36.78490946
-121.8602917,36.78490215
-121.8602696,36.7848748
-121.8602414,36.78485063
-121.8602205,36.78483406
-121.8602489,36.78483778
-121.8602501,36.78490629
-121.8602427,36.7849182
-121.8602605,36.78495352
-121.860307,36.78497231
-121.8603613,36.78497937
-121.8603816,36.78499495
-121.8602501,36.78490629
-121.8602427,36.7849182
-121.8602605,36.78495352
-121.860307,36.78497231
-121.8603613,36.78497937
-121.8603816,36.78499495
-121.8602501,36.78490629
-121.8602427,36.7849182
-121.8602605,36.78495352
-121.860307,36.78497231
-121.8603613,36.78497937
-121.8603816,36.78499495
-121.8602501,36.78490629
-121.8602427,36.7849182
-121.8602605,36.78495352
-121.860307,36.78497231
-121.8603613,36.78497937
-121.8603816,36.78499495
-121.8602501,36.78490629
-121.8602427,36.7849182
-121.8602605,36.78495352
-121.860307,36.78497231
-121.8603613,36.78497937
-121.8603816,36.78499495
-121.8602501,36.78490629
-121.8602427,36.7849182
-121.8602605,36.78495352
-121.860307,36.78497231
-121.8603613,36.78497937
-121.8603816,36.78499495
-121.8602972,36.78496331
-121.8603599,36.7848868
-121.8603154,36.78487191
-121.8603344,36.78489574
-121.8603906,36.78493237
-121.860404,36.78493349
-121.8602972,36.78496331
-121.8603599,36.7848868
-121.8603154,36.78487191
-121.8603344,36.78489574
-121.8603906,36.78493237
-121.860404,36.78493349
-121.8602972,36.78496331
-121.8603599,36.7848868
-121.8603154,36.78487191
-121.8603344,36.78489574
-121.8603906,36.78493237
-121.860404,36.78493349
-121.8602972,36.78496331
-121.8603599,36.7848868
-121.8603154,36.78487191
-121.8603344,36.78489574
-121.8603906,36.78493237
-121.860404,36.78493349
-121.8602972,36.78496331
-121.8603599,36.7848868
-121.8603154,36.78487191
-121.8603344,36.78489574
-121.8603906,36.78493237
-121.860404,36.78493349
-121.8602972,36.78496331
-121.8603599,36.7848868
-121.8603154,36.78487191
-121.8603344,36.78489574
-121.8603906,36.78493237
-121.860404,36.78493349
-121.8604049,36.78500749
-121.8603552,36.78502455
-121.8603139,36.78503754
-121.8602843,36.78504963
-121.8602883,36.78506176
-121.8603319,36.78507359
-121.8604049,36.78500749
-121.8603552,36.78502455
-121.8603139,36.78503754
-121.8602843,36.78504963
-121.8602883,36.78506176
-121.8603319,36.78507359
-121.8604049,36.78500749
-121.8603552,36.78502455
-121.8603139,36.78503754
-121.8602843,36.78504963
-121.8602883,36.78506176
-121.8603319,36.78507359
-121.8604049,36.78500749
-121.8603552,36.78502455
-121.8603139,36.78503754
-121.8602843,36.78504963
-121.8602883,36.78506176
-121.8603319,36.78507359
-121.8604049,36.78500749
-121.8603552,36.78502455
-121.8603139,36.78503754
-121.8602843,36.78504963
-121.8602883,36.78506176
-121.8603319,36.78507359
-121.8604049,36.78500749
-121.8603552,36.78502455
-121.8603139,36.78503754
-121.8602843,36.78504963
-121.8602883,36.78506176
-121.8603319,36.78507359
-121.8602273,36.78503878
-121.8602493,36.78504903
-121.8602169,36.78504931
-121.8602896,36.78503164
-121.8603802,36.78502642
-121.8603641,36.78498795
-121.8602273,36.78503878
-121.8602493,36.78504903
-121.8602169,36.78504931
-121.8602896,36.78503164
-121.8603802,36.78502642
-121.8603641,36.78498795
-121.8602273,36.78503878
-121.8602493,36.78504903
-121.8602169,36.78504931
-121.8602896,36.78503164
-121.8603802,36.78502642
-121.8603641,36.78498795
-121.8602273,36.78503878
-121.8602493,36.78504903
-121.8602169,36.78504931
-121.8602896,36.78503164
-121.8603802,36.78502642
-121.8603641,36.78498795
-121.8602273,36.78503878
-121.8602493,36.78504903
-121.8602169,36.78504931
-121.8602896,36.78503164
-121.8603802,36.78502642
-121.8603641,36.78498795
-121.8602273,36.78503878
-121.8602493,36.78504903
-121.8602169,36.78504931
-121.8602896,36.78503164
-121.8603802,36.78502642
-121.8603641,36.78498795
-121.8603679,36.78492167
-121.8604123,36.78490341
-121.8603975,36.78491417
-121.8604237,36.78490649
-121.8604643,36.78485962
-121.8603864,36.78477659
-121.8603679,36.78492167
-121.8604123,36.78490341
-121.8603975,36.78491417
-121.8604237,36.78490649
-121.8604643,36.78485962
-121.8603864,36.78477659
-121.8603679,36.78492167
-121.8604123,36.78490341
-121.8603975,36.78491417
-121.8604237,36.78490649
-121.8604643,36.78485962
-121.8603864,36.78477659
-121.8603679,36.78492167
-121.8604123,36.78490341
-121.8603975,36.78491417
-121.8604237,36.78490649
-121.8604643,36.78485962
-121.8603864,36.78477659
-121.8603679,36.78492167
-121.8604123,36.78490341
-121.8603975,36.78491417
-121.8604237,36.78490649
-121.8604643,36.78485962
-121.8603864,36.78477659
-121.8603679,36.78492167
-121.8604123,36.78490341
-121.8603975,36.78491417
-121.8604237,36.78490649
-121.8604643,36.78485962
-121.8603864,36.78477659
-121.8602868,36.78470481
-121.8602608,36.78463716
-121.8602274,36.78459061
-121.8602378,36.78457395
-121.8602671,36.78454263
-121.8602868,36.78470481
-121.8602608,36.78463716
-121.8602274,36.78459061
-121.8602378,36.78457395
-121.8602671,36.78454263
-121.8602868,36.78470481
-121.8602608,36.78463716
-121.8602274,36.78459061
-121.8602378,36.78457395
-121.8602671,36.78454263
-121.8602868,36.78470481
-121.8602608,36.78463716
-121.8602274,36.78459061
-121.8602378,36.78457395
-121.8602671,36.78454263
-121.8602868,36.78470481
-121.8602608,36.78463716
-121.8602274,36.78459061
-121.8602378,36.78457395
-121.8602671,36.78454263
-121.8602868,36.78470481
-121.8602608,36.78463716
-121.8602274,36.78459061
-121.8602378,36.78457395
-121.8602671,36.78454263,0</coordinates>
    </Point>
  </Placemark>
</kml>

